Solea solea  BTS + SNS - Delta-GAM; Last age is plus group, calculated 2019-05-01 10:00:09 
2010 2018 
1 1  0.6658002 0.6658002 
0 7 
1 220.436 7028.4051 2444.2148 937.4113 653.0417 566.0437 161.3257 138.5577
1 92.5918 4580.1796 4385.9142 1217.9843 599.947 383.9308 359.2236 159.5495
1 61.4768 1353.6044 4585.2676 2527.0722 698.6184 308.3346 161.595 174.9237
1 49.0844 2270.3581 1506.2201 3640.7493 1835.5056 490.7184 104.4116 336.6504
1 78.3141 4113.1019 3352.148 856.7852 2097.4154 921.4905 196.2628 158.478
1 32.2758 4639.3863 5224.0194 3218.853 477.0878 1128.7174 655.1229 360.7681
1 93.2901 1762.5952 3885.3283 3088.7478 863.6893 245.7398 653.426 305.5128
1 64.7723 6937.2403 1877.6218 2069.0937 1317.0369 542.1767 96.8164 299.162
1 647.3047 3822.167 4302.1982 1068.2294 1210.5098 431.0232 206.0357 133.9071
